
t 0 0 starting area
p -200   200      200  200     16  0
p -600   050    -200   050    16  0
p -600   050    -600  -300    16  0
p -600 -300     2000  -300    16  0
p 200   200     200   050    16  0
p 200   050     100  -050    16  0
p 100  -050     800  -050    16  0
p -200   200    -200   050    16  0
m -50 232 [wasd] -> move
m -50 248 [i] -> jump

t 1 0 ledge
p 800 -040 1200 150 16 0
p 1600 -050 2200 -050 16 0
p 1200 150 1600 150 16 0
p 1600 150 1600 -050 16 0
m 680 50 [wasd] + [u] (in-air) -> dash

t 2 0 drop
c 2 0 2000 -90
p 2200 -050 2200 300 16 0
p 2200 300  2400 300 16 1
p 2400 300 2400 200 16 0
p 2400 200 2500 200 16 0
p 2500 200 2500 300 16 0        middle platform
p 2500 300 2700 300 16 1
p 2700 300 2700 -100 16 0
p 2700 -100 3000 -100 16 0
p 2000 -300 3000 -300 16 0
p 2500 -300 2500 -100 16 0
p 2400 -300 2400 -100 16 0
p 2400 -100 2500 -100 16 0